1.9597980885875006 1.1743610421790966 16.9714791140741 5.9492913656970074 2.259811563952148
1.9446404858183455 1.5901393789954803 16.155978486470623 6.381411951834947 0.8609764762014477
1.8937351740967037 0.646827637538041 4.429188143459173 9.06597979693867 2.9191051980910094
0.8287876869172239 1.493618468455535 14.391961074519063 4.131748713728472 1.7853625808694913
1.367997097249963 0.5258050007803379 16.91088232917474 14.27712687012458 3.1549117073550144
1.2519785332521733 0.9298677992008318 5.1636586271347955 3.5979671524735473 0.42316724282301443
1.8702116489492537 1.7806020472007043 10.591062878770753 11.6394302903788 1.3349821542742346
1.9266503932630274 1.1065353699040121 2.5264325637923974 3.337607730223242 1.747055933837158
0.5355899333874925 1.3657638838326687 14.956039569894875 10.863998078765462 5.2191853623217135
1.315352897017819 0.9725906114068188 8.99939696827914 5.171348949145889 4.551550164450308
1.5309000551618221 1.8934268964021892 8.205875327473901 4.758269859089019 3.7473365575640143
1.0368650281606409 0.5238875492015171 11.8952262166279 7.25567957137644 2.7285377082084667
