1.1423009137389808 1.6505216174595396 15.405787707789724 10.216908807884243 3.639636468373365
0.8814598235076738 1.6046208541790556 17.127120117393577 10.096485397999187 2.881341165499253
1.364746671723668 0.8343805838310747 7.173786652783692 8.980757801967206 4.672919167332387
0.8292868003013845 1.7904496516958524 4.0363430915574945 8.699335062340975 2.4514027825746543
1.3918321767700164 1.5713984145763795 3.0401673973189443 16.134671281639186 5.049259789618026
1.6372394910647785 1.0687880564236678 12.804379162156943 10.437277114179905 2.7262026183694164
1.3034467509554926 1.1007928251153052 14.872055613092838 16.477743497203925 2.3819915840065344
1.918259008670006 0.7675648129019506 12.321910891339066 7.2062736873708655 4.94014764717476
1.9928269710560604 1.2435592424505608 2.8695433182909937 2.0319323342992917 1.6932213683988522
1.7219105484587263 1.3804905898680453 6.425123578602015 3.2379821656796928 3.9217327495730343
1.9290259821680362 1.8622600971632621 3.3465871950066077 7.0971183656192185 2.452441748275467
0.5218671041622382 1.9530982095604745 12.93454928283072 14.49642574687776 4.662557730371415
1.9425630084643692 1.2260887687982007 5.927358620595786 14.238989290826321 1.417737734251719
1.32234866456454 1.0902951246165915 6.8512801579722336 3.101300503478649 5.291183318942886
0.8438186562640515 1.0653934499538513 5.2532501533880325 17.032767939061355 3.472949873678981
