-5.051476023181007 7.15735056078811 5.0354783315250575
8.976818428991994 -6.43366262369145 1.7951762626075536
9.036419634655854 9.13118642468216 1.9411335696394152
-3.347153795826081 6.675630972677887 3.015107945898872
-3.667578463213097 1.8276178106987562 0.7894494184383949
4.790659808186966 6.935612358531941 5.064114121937822
4.20564705586993 -3.3460918581620547 5.14164756579898
2.5275511319032233 3.7966655972817787 1.560248249757711
8.552204953796497 -8.393887625299206 2.652249033374674
-0.28017220021490274 -2.171855095183415 2.00858850271882
